Latitude: 34.021159	Longitude -118.289537
Latitude: 34.021993	Longitude -118.289004
Latitude: 34.021143	Longitude -118.287230